#     n                   NumOccur            
      10000               2                   
      20000               5                   
      30000               8                   
      40000               11                  
      50000               14                  
      60000               17                  
      70000               20                  
      80000               23                  
      90000               26                  
      100000              29                  
      110000              32                  
      120000              35                  
      130000              38                  
      140000              50                  
      150000              53                  
      160000              56                  
      170000              59                  
